-------------------------------------------------------------
----------------------- !PROPERTIES! ------------------------
-------------------------------------------------------------
# -------------------------------------------------------------
----------------------- !GEOMETRIES! ------------------------
# -------------------------------------------------------------
------------------------ !GEOMETRY! -------------------------
    Number of atoms:    50 
    Geometry Index:     1 
    Coordinates:
               0  C     -6.722033555065   -0.034710622467   -0.182203104318
               1  C     -5.647639974803   -0.984304605765   -0.640430701376
               2  C     -4.779354949522   -1.564060853877    0.192493150572
               3  C     -4.809761495144   -1.319570743307    1.678658149920
               4  C     -5.605261184078   -0.069861705001    2.037463052401
               5  H     -3.782279425198   -1.226457287024    2.044964634565
               6  H     -5.249959440057   -2.190106059815    2.182825031238
               7  C     -6.949710384171   -0.111022836537    1.323421296143
               8  H     -5.058121015674    0.816092655907    1.711766479972
               9  H     -5.742504437372   -0.009768804760    3.121144781633
              10  H     -7.581215747562    0.720581908975    1.644091152049
              11  H     -7.461863663220   -1.042755960632    1.575840837518
              12  H     -7.639685337730   -0.269642243588   -0.725745063791
              13  H     -6.425026295968    0.979542563807   -0.463495275587
              14  C     -3.723522545468   -2.518595114614   -0.288854497446
              15  H     -3.823287907962   -2.656524649352   -1.360656768988
              16  H     -3.822885101719   -3.486875269655    0.206264199244
              17  H     -2.725881587360   -2.132040870184   -0.072763695405
              18  O     -5.587673198108   -1.232817760452   -1.987821335548
              19  S     -6.463710621506   -0.110273318239   -3.051521379699
              20  O     -6.951758290855    1.490636449257   -4.418947501338
              21  O     -7.730627411119   -0.798853374987   -3.289959667022
              22  C     -5.354299330408   -0.673819275356   -4.404540576748
              23  H     -4.479689548055   -0.038142232083   -4.376309129679
              24  H     -5.882397267507   -0.556826211465   -5.340294977776
              25  H     -5.097468851720   -1.707960956205   -4.220170269233
              26  C     -6.706934503206    5.064804890708   -2.418730184719
              27  B     -5.124037654313    2.816273004959   -2.665985030610
              28  H     -4.672156920780    1.825961515520   -2.191537737129
              29  B     -7.415845815863    4.207597466313   -3.707522213124
              30  H     -8.594729020682    4.266950920955   -3.848046711698
              31  B     -5.158426143392    5.680193233607   -2.769001216166
              32  H     -4.855531238704    6.724759859899   -2.292927506356
              33  B     -6.762323151034    3.373024754182   -2.284559985219
              34  H     -7.527260189411    2.896484412768   -1.511663343929
              35  B     -6.423100270506    5.636709030443   -4.001335163445
              36  H     -6.948473577517    6.650450863109   -4.327046256615
              37  B     -6.191084176093    4.195413208568   -4.992988065565
              38  H     -6.498839869333    4.164858805462   -6.138815019790
              39  B     -4.124510045406    4.256783619815   -2.970822971862
              40  H     -2.968062822845    4.290866453094   -2.703826617174
              41  B     -4.782542138269    5.106275048250   -4.399712588933
              42  H     -4.087751407629    5.733072994906   -5.131223466440
              43  B     -5.366285650146    4.281859966138   -1.710191930497
              44  H     -5.200943338782    4.412011316655   -0.542059303023
              45  B     -6.397025274284    2.783472339993   -3.918749810961
              46  B     -4.766525056870    3.325327645109   -4.345696035510
              47  H     -4.057161300518    2.687819420186   -5.051896958051
              48  H     -7.907171117110    1.483687695484   -4.400208986643
              49  H     -7.357289769320    5.650738798639   -1.775460435038
